10361525971
17153802671
17435635206
16911631655
14053694981
13301362557
19870683771
19382349415
18745106134
11757629050
19521643792
12876231641
19464158434
16923372584
17019535967
10738652903
13634009991
12601970877
10546750191
12583028629
18096743967
12714534450
11981107297
13961925771
13438985916
17988160308
12952426486
14168565201
15463849075
14617482183
16906705835
12508769430
15004936617
14024334724
18618535084
19310220384
16189213050
18588034366
10499015452
19135948931
14050471031
10136202612
19911095056
11139566352
18490181376
17593613364
19348404180
11176310570
10183620495
13009109303
15799996448
13812523099
14116894575
18295881867
17767916841
10487860673
15782819142
12934960223
15959316546
13788477619
15214110849
13359444456
14515087476
19608412131
12241732265
14429381757
12279529928
19687429802
12439128466
19173744409
17809773699
11392995502
10140515122
15715928444
17778621419
15047739952
16996261871
16469182764
11152333117
12611723338
13251919123
11998914164
15326304403
16660732201
16118901398
14308769572
19998794945
12071396245
16252239101
12892471586
11539724700
12039200798
19423387744
11082333707
18909273026
19263109169
16715509464
19080789182
12553417834
16101693332
12705028494
18649956903
18502689053
10539568776
12978125348
13911673382
19036533271
19374120263
10877565512
18372500915
12002813931
12742468125
17346081586
17441296183
14711333351
11843787262
16122762936
12907613059
17935817611
18061631579
16563310211
19736260955
13428274348
11909080071
17985050514
16270136462
12973765136
15306736813
10024485164
11289910844
17595841855
16857614888
18474413653
18650877833
18306750480
12717447236
10384980618
15278301156
17858566757
11733578436
18898589758
13652201625
11776286457
13338325710
17875245615
14932961970
15415009318
18721292417
15807207345
18012696049
13445013638
16700500123
11072268185
13085247266
10335947366
10481863527
17324818163
11030707854
17339553989
12902415324
11842602909
12262311604
13997388962
12912528548
11391344599
15932725939
10963058837
17237629322
19982356208
13773905214
11559292061
19489353869
10283496837
18694346580
15778787538
19350750191
15402537195
14484232681
10188405166
18641255919
10863506876
19608910364
15538425560
13099456539
11506132650
18675751583
10316642058
13457653832
16491855206
15403005639
16829139490
16736554772
15125984892
16909640806
12911264558
13103928944
13983338929
18271785492
18021249288
11253557476
16506575612
15563683712
17212257492
16550429920
16854531128
19118021962
15019933264
17730930935
19693287548
17976260593
10591437050
14671309055
10902253113
17629167867
17215236464
18414908384
11611253729
14748354013
16563964916
13765779106
19947157085
17308830759
11442282968
17461976968
18963522689
11117646965
16458034918
13181522895
11556196492
15571537404
19919719401
17411506257
18502316497
18857339317
14853183935
19489941838
14548461082
17814483040
10725855476
19927647244
17522727751
12878122595
10635710647
19936448458
16593197473
16985010922
19926612453
18562700518
12822526500
12634411649
16346779274
10363413089
15580599835
14482311781
18153639406
16084353156
15550058916
10275516935
17691561259
10057390469
19603535637
13934889331
11348779663
17727436809
18717734359
10647457040
10948014392
16033770880
10308041480
17216887079
11229700953
18012306265
16260694688
16872792200
13658790245
15462088072
10528741153
18207429926
10505722105
13384898180
19823505357
18168967769
16733244731
15442864492
16827291774
16589361070
15643563825
15212486789
16371178890
10025537210
17296365476
19672935337
17725229863
12428659026
10580888212
13746828613
10178596747
15555858405
15753859250
12812905512
10007829406
18162086332
15789105566
15312800327
17609272210
12111676678
15332972606
18168511724
10072832091
17822852621
18442856299
15839999700
12856121458
16376051158
12389178908
10773829013
19039249558
10790020741
11150260567
14535495667
11818361312
13263464211
18422472664
11975622046
19851778292
15943997921
19542427096
18956935884
13936622586
10284880455
14365404386
17640478014
18484717395
10179555531
14355614169
16414916804
18268164810
16125314837
18482181069
12178579990
11197776991
19700930565
16321407035
19603950610
11374363109
10273737246
12124270023
13022808769
11841853725
19005846925
16025709837
19343705184
10633452543
15292281528
14936364357
11050752086
10503359340
16427614100
15161609231
16927323122
14715248212
15366881291
12750897208
13760823528
16136468673
16741728379
18938152493
13898580022
12814004838
14957470696
19083262141
17590619925
18786192483
13209983796
12175877135
10935851400
19452530282
15504329387
16214699378
17961416602
11018664757
14688693674
15747519872
18122452744
10889050696
15776515286
11460909774
14148671491
15952606344
19890750350
10560183922
19589353510
14538498607
17141628494
17085126771
17537898703
15843078402
18854997696
15388471620
12708640560
12196072159
13437624083
16880800877
19688218739
11626593469
13967447205
11435531888
14044744674
13525039022
14493433300
17613656778
13048328107
12836043583
18849360076
18108616796
17232805627
18042555699
17788503864
16428188263
11253200895
14533999112
16990473461
12871265219
16634124953
18325526379
18470657457
12335653789
11395071727
14140262575
11873385793
16632702038
18104695505
14854129608
14510409412
17548713256
10102349364
19390312739
19431815826
16615775780
15489020585
18371757912
18942069162
15176700517
13295084749
13174645380
10622049070
11890554072
19035527762
11662738388
11466481460
16238690478
10599165161
13564151439
11801523298
15130477620
18553101327
19323035443
10142685640
17962600638
10544887824
18478496915
10078564474
11574086503
17686958221
17332163390
19801156636
18120737532
13753929130
11545461237
18848650330
11854978117
12279992292
14478285290
10014907076
12208400871
10459286985
19335898391
10900180875
16562947382
12989930361
11180762913
17053707019
10836550798
17893485770
13770669575
17063637519
14332298796
11451411696
17438031390
11661171148
19334905912
13791624608
17680506070
11537947610
15941311913
10511774213
17068005999
14706453650
12072135391
19207404964
10891762434
13332112730
13958201142
11730831468
15130850320
19584566682
10890723200
13501916743
15919934328
17002023407
18347789522
14720026847
18610118146
14892327285
10706381174
18056832651
19366780970
14468797406
13461559890
11001687812
12474410658
19653615890
13654960131
15378922818
10012213300
10783896928
16647151294
11228054318
14615668891
19213746958
19346023081
13692980596
10253866844
12293283796
13299525443
17102276415
16356441685
12686700060
15562819914
15120146558
13192851068
11172030689
16562032813
13616604363
16451833283
18900937123
15157582829
19076220098
13614354989
11299587720
12173905051
18921170462
16903030145
12201734706
17922524417
13310498390
16672484432
14826842424
19170926508
11231983501
13550349401
18643644631
11266125413
13468930140
10816628136
19282344932
17610536968
17275496818
11142210878
18473289197
14890389191
15504539172
16182006476
14430957540
13804854777
11431388914
10429925433
13303485741
18210397801
11211792260
19670385239
17576475124
12202449526
15043470787
10635471709
11852182254
13328672581
12737528148
11103594525
10787885173
10357106854
13892990749
11963049113
13835614248
14891955532
13385130459
13617011247
10451410256
18804909452
14023423213
19208247618
11693144483
17168234886
14884980427
12294688125
12828938029
12417046238
17066892017
11860015082
12560811452
16528072348
10476799023
19395833796
11151828520
12854222366
17843708011
18410070702
10992402140
10752368389
15337113113
16564420858
13959231658
18960806488
17547935016
12300055488
11066290593
18759750081
17775723458
14771462900
16429555420
13779678507
16504718124
18387615787
12447997847
14999320307
13163572745
10449280488
13203563774
11052006961
15656019021
14817302870
13733846875
17438329860
12783267275
13480045985
13147381089
10431344264
13410575483
18248397410
16570675775
11507781231
18154267439
18299836596
14478233424
18075679478
15255980549
17458584485
18312512890
10748728466
15715768244
15468689115
17700958296
15282517893
15310851349
17363285752
18962262912
11262362215
19955659630
14772653046
15439671644
14213746824
15726353882
16853954755
13259136648
12882516263
16192273851
19863267175
15726137101
19083019874
13535490872
15335708002
12040051381
15766199326
14565560391
12653811989
18748527470
13853459561
12590863726
14033522638
11553460732
14771862963
17471536693
18885705328
19358409574
11133632822
14207233189
17514017145
16924802532
17355904501
17826245587
19875429817
19709586315
18911840656
10353708070
19878095847
11749990007
12042744317
17867128600
15632280406
13733146006
17386571496
13892045557
10933765871
14696385288
18671903581
17311365963
16709792379
17521621921
18899934295
18576835976
11624316419
10352056464
17083532591
17732534052
18589878766
16380027263
11165615718
10263975119
19892430119
11041978038
18469853964
14163965160
16722558436
14972007252
11816616040
10570779139
18770033978
13769039763
13691081540
15647456928
10027998441
14391349484
13271682900
17441318474
13232756171
12797435918
12648360338
11597606832
11473429229
19437504325
12549936498
13941204170
17980277199
15985501128
12610271272
11103797426
13407924711
16023753972
14601178288
13015883448
14154852557
10811366023
14617616478
11596752371
15763107651
14407980331
19389021482
16140577618
17091476982
18142637605
15251545340
15287171492
14800515722
11614500338
11871503167
19347284167
16755469786
13961663785
12635550970
14472808348
15776622145
14111608491
12225779219
17855435207
11516992782
10779142145
13941691294
16254524656
15613376937
18459819469
17145120921
18385000028
13341774418
15319297966
13835974105
10646016644
16881019392
11963132730
10647571346
15265625753
14048785040
15477954215
17259195461
14124184006
13171954491
14298259306
17178055617
18625579927
13130898218
16178548870
15419956780
15388416271
11243304883
12061683792
14467698706
12384158514
19291541667
12085829904
13803595523
13674559290
13458378686
17217903533
10545641226
17466416747
12940534936
10066454650
13508043962
18990609144
13899334981
16086302186
17951531391
19074626676
19753767807
16360607903
11981458610
14738318260
10743566487
10808385052
15869400879
19025582539
16798776842
19495826703
10171958346
14130962561
15326940187
15856574410
19479121219
19770645179
19845361145
17933510706
14916192439
16051272810
15733548096
17190818241
12156787750
16586494658
14477543088
13054678491
17238265957
12916755644
12777518504
17827500406
18292281042
10110053650
15905163129
13424239116
13896596537
16780768413
16888565852
12410077360
13723813100
13981398315
14217261943
10727492443
19243408560
15616126032
15560166960
11969620596
14227987101
11785155678
12093600088
18678187828
12897144157
16883101641
14766103297
11128832449
15747554422
14406446373
15419286484
15456226693
10392848298
18483518360
13355713948
12981288803
15031814081
18276679591
17303758118
13278949021
11271123934
19647376600
12158136993
10218098803
14352907016
18837626125
15949340158
19534166923
14099527830
16556620580
18739830382
12823519864
19629381605
13438988159
13137238312
12966236415
15317236311
13640150351
13353063321
15314408577
11146376999
11833498198
19170266570
10081416922
17525967385
13946286781
17710487911
18483506224
18205877112
11506016810
10753873822
14445006358
11503017275
19437960563
19295563366
16833765631
18767257123
10998584705
19265913273
12559133816
19714817958
17855649566
13265515174
17196779405
13190612990
19428814578
14438025468
13895776565
17626316673
13938022827
15496914756
15449459450
10721202158
15159577111
14077873559
11428603420
11626681977
15987943417
15744722086
11961962254
11047485861
16147014851
12950836141
14181074972
12049807167
10106171857
10269411608
18417776219
17689599224
17802693444
10287442110
11356118433
12806126879
13636856985
11474476183
10862770591
19094107991
11125083573
16766642881
18912561660
19649691095
12216544981
13045038882
13395806212
13233914072
16136183379
11749335655
19762697693
18781114024
15723212534
19761094849
18508847079
14951727013
18333223051
16956412759
10174842154
17836485214
10442702662
19696572180
14978754163
14147183295
15725341208
